         * spice3 file created from ring_osc2.ext - technology: sky130a
         Transient Analysis  Thu Mar  9 09:37:01  2023
--------------------------------------------------------------------------------
Index   time            alli            
--------------------------------------------------------------------------------
0	0.000000e+00	-7.95008e-05	
1	1.000000e-13	-7.95009e-05	
2	2.000000e-13	-7.95010e-05	
3	4.000000e-13	-7.95012e-05	
4	8.000000e-13	-7.95016e-05	
5	1.600000e-12	-7.95024e-05	
6	3.200000e-12	-7.95036e-05	
7	6.400000e-12	-7.95054e-05	
8	1.280000e-11	-7.95074e-05	
9	2.280000e-11	-7.95086e-05	
10	3.280000e-11	-7.95090e-05	
11	4.280000e-11	-7.95093e-05	
12	5.280000e-11	-7.95095e-05	
13	6.280000e-11	-7.95094e-05	
14	7.280000e-11	-7.95090e-05	
15	8.280000e-11	-7.95082e-05	
16	9.280000e-11	-7.95070e-05	
17	1.028000e-10	-7.95054e-05	
18	1.128000e-10	-7.95038e-05	
19	1.228000e-10	-7.95026e-05	
20	1.328000e-10	-7.95025e-05	
21	1.428000e-10	-7.95044e-05	
22	1.528000e-10	-7.95087e-05	
23	1.628000e-10	-7.95160e-05	
24	1.728000e-10	-7.95259e-05	
25	1.828000e-10	-7.95373e-05	
26	1.928000e-10	-7.95476e-05	
27	2.028000e-10	-7.95538e-05	
28	2.128000e-10	-7.95525e-05	
29	2.228000e-10	-7.95420e-05	
30	2.328000e-10	-7.95237e-05	
31	2.428000e-10	-7.95039e-05	
32	2.528000e-10	-7.94938e-05	
33	2.628000e-10	-7.95058e-05	
34	2.728000e-10	-7.95582e-05	
35	2.828000e-10	-7.98217e-05	
36	2.928000e-10	-8.02483e-05	
37	3.028000e-10	-8.10451e-05	
38	3.128000e-10	-8.22149e-05	
39	3.228000e-10	-8.37641e-05	
40	3.328000e-10	-8.61596e-05	
41	3.428000e-10	-9.02426e-05	
42	3.528000e-10	-9.57108e-05	
43	3.628000e-10	-1.00916e-04	
44	3.728000e-10	-1.07364e-04	
45	3.828000e-10	-1.23231e-04	
46	3.928000e-10	-1.45385e-04	
47	4.028000e-10	-1.55157e-04	
48	4.128000e-10	-1.56861e-04	
49	4.228000e-10	-1.77210e-04	
50	4.328000e-10	-2.12086e-04	
51	4.428000e-10	-2.17656e-04	
52	4.528000e-10	-1.35120e-04	
53	4.628000e-10	-1.31722e-04	
54	4.728000e-10	-1.50776e-04	

Index   time            alli            
--------------------------------------------------------------------------------
55	4.828000e-10	-1.73807e-04	
56	4.928000e-10	-1.99299e-04	
57	5.028000e-10	-2.51857e-04	
58	5.128000e-10	-2.09356e-04	
59	5.228000e-10	-1.33594e-04	
60	5.328000e-10	-1.29488e-04	
61	5.428000e-10	-1.49024e-04	
62	5.528000e-10	-1.71443e-04	
63	5.628000e-10	-1.94780e-04	
64	5.728000e-10	-2.51796e-04	
65	5.828000e-10	-1.89937e-04	
66	5.928000e-10	-1.19328e-04	
67	6.028000e-10	-1.16548e-04	
68	6.128000e-10	-1.38496e-04	
69	6.228000e-10	-1.59915e-04	
70	6.328000e-10	-1.73666e-04	
71	6.428000e-10	-2.18573e-04	
72	6.528000e-10	-2.38922e-04	
73	6.628000e-10	-1.46983e-04	
74	6.728000e-10	-1.16404e-04	
75	6.828000e-10	-1.38715e-04	
76	6.928000e-10	-1.60503e-04	
77	7.028000e-10	-1.78199e-04	
78	7.128000e-10	-2.17110e-04	
79	7.228000e-10	-2.56230e-04	
80	7.328000e-10	-1.78945e-04	
81	7.428000e-10	-1.25194e-04	
82	7.528000e-10	-1.35917e-04	
83	7.628000e-10	-1.54453e-04	
84	7.728000e-10	-1.76350e-04	
85	7.828000e-10	-2.10408e-04	
86	7.928000e-10	-2.55003e-04	
87	8.028000e-10	-1.56761e-04	
88	8.128000e-10	-1.16813e-04	
89	8.228000e-10	-1.19541e-04	
90	8.328000e-10	-1.47350e-04	
91	8.428000e-10	-1.62036e-04	
92	8.528000e-10	-1.84867e-04	
93	8.628000e-10	-2.29555e-04	
94	8.728000e-10	-2.21182e-04	
95	8.828000e-10	-1.25302e-04	
96	8.928000e-10	-1.25810e-04	
97	9.028000e-10	-1.39518e-04	
98	9.128000e-10	-1.72333e-04	
99	9.228000e-10	-1.79203e-04	
100	9.328000e-10	-2.40021e-04	
101	9.428000e-10	-2.41019e-04	
102	9.528000e-10	-1.59620e-04	
103	9.628000e-10	-1.18822e-04	
104	9.728000e-10	-1.45944e-04	
105	9.828000e-10	-1.56854e-04	
106	9.928000e-10	-1.85624e-04	
107	1.002800e-09	-2.25028e-04	
108	1.012800e-09	-2.43770e-04	
109	1.022800e-09	-1.30838e-04	
110	1.032800e-09	-1.19833e-04	
111	1.042800e-09	-1.20386e-04	
112	1.052800e-09	-1.58409e-04	

Index   time            alli            
--------------------------------------------------------------------------------
113	1.062800e-09	-1.59271e-04	
114	1.072800e-09	-2.01590e-04	
115	1.082800e-09	-2.32370e-04	
116	1.092800e-09	-2.01343e-04	
117	1.102800e-09	-1.09743e-04	
118	1.112800e-09	-1.38828e-04	
119	1.122800e-09	-1.38737e-04	
120	1.132800e-09	-1.83314e-04	
121	1.142800e-09	-1.82269e-04	
122	1.152800e-09	-2.58568e-04	
123	1.162800e-09	-2.13232e-04	
124	1.172800e-09	-1.50135e-04	
125	1.182800e-09	-1.15580e-04	
126	1.192800e-09	-1.56731e-04	
127	1.202800e-09	-1.57626e-04	
128	1.212800e-09	-1.98833e-04	
129	1.222800e-09	-2.34613e-04	
130	1.232800e-09	-2.21394e-04	
131	1.242800e-09	-1.12746e-04	
132	1.252800e-09	-1.26372e-04	
133	1.262800e-09	-1.22181e-04	
134	1.272800e-09	-1.69022e-04	
135	1.282800e-09	-1.57934e-04	
136	1.292800e-09	-2.21154e-04	
137	1.302800e-09	-2.31548e-04	
138	1.312800e-09	-1.75854e-04	
139	1.322800e-09	-1.02132e-04	
140	1.332800e-09	-1.49376e-04	
141	1.342800e-09	-1.42146e-04	
142	1.352800e-09	-1.90387e-04	
143	1.362800e-09	-1.93147e-04	
144	1.372800e-09	-2.69742e-04	
145	1.382800e-09	-1.81234e-04	
146	1.392800e-09	-1.42785e-04	
147	1.402800e-09	-1.18454e-04	
148	1.412800e-09	-1.65388e-04	
149	1.422800e-09	-1.59790e-04	
150	1.432800e-09	-2.15438e-04	
151	1.442800e-09	-2.40987e-04	
152	1.452800e-09	-1.88692e-04	
153	1.462800e-09	-1.03388e-04	
154	1.472800e-09	-1.32377e-04	
155	1.482800e-09	-1.28311e-04	
156	1.492800e-09	-1.75857e-04	
157	1.502800e-09	-1.64105e-04	
158	1.512800e-09	-2.39349e-04	
159	1.522800e-09	-2.17333e-04	
160	1.532800e-09	-1.50166e-04	
161	1.542800e-09	-1.05507e-04	
162	1.552800e-09	-1.54094e-04	
163	1.562800e-09	-1.51946e-04	
164	1.572800e-09	-1.93153e-04	
165	1.582800e-09	-2.14231e-04	
166	1.592800e-09	-2.65701e-04	
167	1.602800e-09	-1.53447e-04	
168	1.612800e-09	-1.36357e-04	
169	1.622800e-09	-1.26435e-04	
170	1.632800e-09	-1.70766e-04	

Index   time            alli            
--------------------------------------------------------------------------------
171	1.642800e-09	-1.66205e-04	
172	1.652800e-09	-2.33336e-04	
173	1.662800e-09	-2.36197e-04	
174	1.672800e-09	-1.56747e-04	
175	1.682800e-09	-1.03663e-04	
176	1.692800e-09	-1.34852e-04	
177	1.702800e-09	-1.38595e-04	
178	1.712800e-09	-1.75648e-04	
179	1.722800e-09	-1.78946e-04	
180	1.732800e-09	-2.46567e-04	
181	1.742800e-09	-1.95914e-04	
182	1.752800e-09	-1.30808e-04	
183	1.762800e-09	-1.18404e-04	
184	1.772800e-09	-1.53868e-04	
185	1.782800e-09	-1.64131e-04	
186	1.792800e-09	-1.95421e-04	
187	1.802800e-09	-2.36729e-04	
188	1.812800e-09	-2.40934e-04	
189	1.822800e-09	-1.38661e-04	
190	1.832800e-09	-1.31465e-04	
191	1.842800e-09	-1.37437e-04	
192	1.852800e-09	-1.72403e-04	
193	1.862800e-09	-1.78040e-04	
194	1.872800e-09	-2.46356e-04	
195	1.882800e-09	-2.17097e-04	
196	1.892800e-09	-1.34499e-04	
197	1.902800e-09	-1.08763e-04	
198	1.912800e-09	-1.36081e-04	
199	1.922800e-09	-1.50014e-04	
200	1.932800e-09	-1.73051e-04	
201	1.942800e-09	-1.98060e-04	
202	1.952800e-09	-2.48093e-04	
203	1.962800e-09	-1.71588e-04	
204	1.972800e-09	-1.19224e-04	
205	1.982800e-09	-1.30776e-04	
206	1.992800e-09	-1.55318e-04	
207	2.002800e-09	-1.73198e-04	
208	2.012800e-09	-2.03034e-04	
209	2.022800e-09	-2.51652e-04	
210	2.032800e-09	-2.08726e-04	
211	2.042800e-09	-1.30399e-04	
212	2.052800e-09	-1.31956e-04	
213	2.062800e-09	-1.47505e-04	
214	2.072800e-09	-1.73993e-04	
215	2.082800e-09	-1.93951e-04	
216	2.092800e-09	-2.54576e-04	
217	2.102800e-09	-1.86177e-04	
218	2.112800e-09	-1.20855e-04	
219	2.122800e-09	-1.15382e-04	
220	2.132800e-09	-1.40969e-04	
221	2.142800e-09	-1.58954e-04	
222	2.152800e-09	-1.76253e-04	
223	2.162800e-09	-2.18802e-04	
224	2.172800e-09	-2.39375e-04	
225	2.182800e-09	-1.43326e-04	
226	2.192800e-09	-1.18662e-04	
227	2.202800e-09	-1.37897e-04	
228	2.212800e-09	-1.63300e-04	

Index   time            alli            
--------------------------------------------------------------------------------
229	2.222800e-09	-1.77423e-04	
230	2.232800e-09	-2.21354e-04	
231	2.242800e-09	-2.54685e-04	
232	2.252800e-09	-1.76992e-04	
233	2.262800e-09	-1.23346e-04	
234	2.272800e-09	-1.38532e-04	
235	2.282800e-09	-1.54287e-04	
236	2.292800e-09	-1.78738e-04	
237	2.302800e-09	-2.12390e-04	
238	2.312800e-09	-2.55140e-04	
239	2.322800e-09	-1.51214e-04	
240	2.332800e-09	-1.18068e-04	
241	2.342800e-09	-1.19347e-04	
242	2.352800e-09	-1.50169e-04	
243	2.362800e-09	-1.61385e-04	
244	2.372800e-09	-1.88738e-04	
245	2.382800e-09	-2.30384e-04	
246	2.392800e-09	-2.17896e-04	
247	2.402800e-09	-1.21260e-04	
248	2.412800e-09	-1.29218e-04	
249	2.422800e-09	-1.39226e-04	
250	2.432800e-09	-1.75562e-04	
251	2.442800e-09	-1.79712e-04	
252	2.452800e-09	-2.45560e-04	
253	2.462800e-09	-2.35112e-04	
254	2.472800e-09	-1.56805e-04	
255	2.482800e-09	-1.17375e-04	
256	2.492800e-09	-1.49206e-04	
257	2.502800e-09	-1.57395e-04	
258	2.512800e-09	-1.89119e-04	
259	2.522800e-09	-2.28714e-04	
260	2.532800e-09	-2.38623e-04	
261	2.542800e-09	-1.25371e-04	
262	2.552800e-09	-1.21893e-04	
263	2.562800e-09	-1.20953e-04	
264	2.572800e-09	-1.61693e-04	
265	2.582800e-09	-1.59032e-04	
266	2.592800e-09	-2.07294e-04	
267	2.602800e-09	-2.33425e-04	
268	2.612800e-09	-1.93816e-04	
269	2.622800e-09	-1.06975e-04	
270	2.632800e-09	-1.42446e-04	
271	2.642800e-09	-1.39906e-04	
272	2.652800e-09	-1.85928e-04	
273	2.662800e-09	-1.85719e-04	
274	2.672800e-09	-2.63173e-04	
275	2.682800e-09	-2.03284e-04	
276	2.692800e-09	-1.46967e-04	
277	2.702800e-09	-1.16907e-04	
278	2.712800e-09	-1.59707e-04	
279	2.722800e-09	-1.59214e-04	
280	2.732800e-09	-2.04148e-04	
281	2.742800e-09	-2.38679e-04	
282	2.752800e-09	-2.09317e-04	
283	2.762800e-09	-1.09006e-04	
284	2.772800e-09	-1.28288e-04	
285	2.782800e-09	-1.25323e-04	
286	2.792800e-09	-1.71575e-04	

Index   time            alli            
--------------------------------------------------------------------------------
287	2.802800e-09	-1.60718e-04	
288	2.812800e-09	-2.28649e-04	
289	2.822800e-09	-2.29294e-04	
290	2.832800e-09	-1.63523e-04	
291	2.842800e-09	-1.03681e-04	
292	2.852800e-09	-1.51179e-04	
293	2.862800e-09	-1.47013e-04	
294	2.872800e-09	-1.91179e-04	
295	2.882800e-09	-2.02630e-04	
296	2.892800e-09	-2.69951e-04	
297	2.902800e-09	-1.69176e-04	
298	2.912800e-09	-1.38915e-04	
299	2.922800e-09	-1.22927e-04	
300	2.932800e-09	-1.67420e-04	
301	2.942800e-09	-1.63559e-04	
302	2.952800e-09	-2.23036e-04	
303	2.962800e-09	-2.42696e-04	
304	2.972800e-09	-1.71444e-04	
305	2.982800e-09	-1.03954e-04	
306	2.992800e-09	-1.33219e-04	
307	3.002800e-09	-1.34302e-04	
308	3.012800e-09	-1.75873e-04	
309	3.022800e-09	-1.72086e-04	
310	3.032800e-09	-2.43769e-04	
311	3.042800e-09	-2.07622e-04	
312	3.052800e-09	-1.38697e-04	
313	3.062800e-09	-1.13090e-04	
314	3.072800e-09	-1.53600e-04	
315	3.082800e-09	-1.59677e-04	
316	3.092800e-09	-1.93711e-04	
317	3.102800e-09	-2.28335e-04	
318	3.112800e-09	-2.53487e-04	
319	3.122800e-09	-1.44829e-04	
320	3.132800e-09	-1.32772e-04	
321	3.142800e-09	-1.33420e-04	
322	3.152800e-09	-1.71576e-04	
323	3.162800e-09	-1.73384e-04	
324	3.172800e-09	-2.41470e-04	
325	3.182800e-09	-2.27403e-04	
326	3.192800e-09	-1.42361e-04	
327	3.202800e-09	-1.06648e-04	
328	3.212800e-09	-1.35432e-04	
329	3.222800e-09	-1.46189e-04	
330	3.232800e-09	-1.73875e-04	
331	3.242800e-09	-1.90974e-04	
332	3.252800e-09	-2.47962e-04	
333	3.262800e-09	-1.82178e-04	
334	3.272800e-09	-1.22531e-04	
335	3.282800e-09	-1.27104e-04	
336	3.292800e-09	-1.54245e-04	
337	3.302800e-09	-1.70992e-04	
338	3.312800e-09	-1.99569e-04	
339	3.322800e-09	-2.47956e-04	
340	3.332800e-09	-2.20412e-04	
341	3.342800e-09	-1.33300e-04	
342	3.352800e-09	-1.31340e-04	
343	3.362800e-09	-1.44794e-04	
344	3.372800e-09	-1.73688e-04	

Index   time            alli            
--------------------------------------------------------------------------------
345	3.382800e-09	-1.88883e-04	
346	3.392800e-09	-2.52903e-04	
347	3.402800e-09	-1.96975e-04	
348	3.412800e-09	-1.24148e-04	
349	3.422800e-09	-1.13731e-04	
350	3.432800e-09	-1.39597e-04	
351	3.442800e-09	-1.56917e-04	
352	3.452800e-09	-1.75128e-04	
353	3.462800e-09	-2.13578e-04	
354	3.472800e-09	-2.44415e-04	
355	3.482800e-09	-1.50288e-04	
356	3.492800e-09	-1.18132e-04	
357	3.502800e-09	-1.36814e-04	
358	3.512800e-09	-1.61240e-04	
359	3.522800e-09	-1.76999e-04	
360	3.532800e-09	-2.16680e-04	
361	3.542800e-09	-2.55962e-04	
362	3.552800e-09	-1.84041e-04	
363	3.562800e-09	-1.24889e-04	
364	3.572800e-09	-1.37266e-04	
365	3.582800e-09	-1.53304e-04	
366	3.592800e-09	-1.77962e-04	
367	3.602800e-09	-2.09008e-04	
368	3.612800e-09	-2.57122e-04	
369	3.622800e-09	-1.57226e-04	
370	3.632800e-09	-1.18253e-04	
371	3.642800e-09	-1.19284e-04	
372	3.652800e-09	-1.48716e-04	
373	3.662800e-09	-1.61943e-04	
374	3.672800e-09	-1.86693e-04	
375	3.682800e-09	-2.30124e-04	
376	3.692800e-09	-2.21219e-04	
377	3.702800e-09	-1.24250e-04	
378	3.712800e-09	-1.27660e-04	
379	3.722800e-09	-1.39816e-04	
380	3.732800e-09	-1.74209e-04	
381	3.742800e-09	-1.80190e-04	
382	3.752800e-09	-2.43396e-04	
383	3.762800e-09	-2.38618e-04	
384	3.772800e-09	-1.58000e-04	
385	3.782800e-09	-1.18407e-04	
386	3.792800e-09	-1.48201e-04	
387	3.802800e-09	-1.58111e-04	
388	3.812800e-09	-1.88202e-04	
389	3.822800e-09	-2.28996e-04	
390	3.832800e-09	-2.39608e-04	
391	3.842800e-09	-1.27251e-04	
392	3.852800e-09	-1.21337e-04	
393	3.862800e-09	-1.21910e-04	
394	3.872800e-09	-1.60953e-04	
395	3.882800e-09	-1.60243e-04	
396	3.892800e-09	-2.06651e-04	
397	3.902800e-09	-2.34765e-04	
398	3.912800e-09	-1.93284e-04	
399	3.922800e-09	-1.08102e-04	
400	3.932800e-09	-1.42028e-04	
401	3.942800e-09	-1.41211e-04	
402	3.952800e-09	-1.85549e-04	

Index   time            alli            
--------------------------------------------------------------------------------
403	3.962800e-09	-1.87491e-04	
404	3.972800e-09	-2.63205e-04	
405	3.982800e-09	-2.03161e-04	
406	3.992800e-09	-1.45759e-04	
407	4.000000e-09	-1.15255e-04	
